MGLU3 0,03 28,28
ITUB4 0,84 29,95
PETR4 3,17 40,19
BBDC4 0,80 30,50
ITSA4 0,26 13,12
VIIA3 1,04 22,36
CASH3 1,49 12,81
COGN3 0,81 20,42
HAPV3 4,76 32,60
B3SA3 0,79 22,27
VALE3 2,13 107,00
BBAS3 1,22 52,18
ABEV3 2,01 40,17
IRBR3 2,81 40,98
CIEL3 1,99 25,41
PRIO3 1,37 54,80
PETR3 3,78 52,90
LWSA3 2,43 35,06
GGBR4 1,67 33,82
EQTL3 0,58 26,68
BIDI1 6,57 86,77
MULT3 2,22 35,33
BRML3 1,95 28,71
CVCB3 4,69 60,85
BPAC1 2,65 32,73
BBSE3 9,36 34,21
BBDC3 0,92 29,03
LREN3 0,34 59,92
NTCO3 2,66 61,29
GFSA3 1,66 40,99
CMIN3 4,97 11,14
GNDI3 19,64 103,04
CPLE6 0,34 7,50
AZUL4 8,74 62,87
RAIL3 1,17 33,67
BPAN4 1,18 26,30
BRFS3 2,22 71,56
CSNA3 0,76 53,90
EMBR3 4,88 30,77
GOAU4 0,72 37,87
WEGE3 0,21 46,46
CRFB3 13,58 24,77
JBSS3 2,21 39,78
VBBR3 11,68 29,54
BRAP4 0,50 31,61
RAIZ4 5,37 7,53
ECOR3 3,29 19,22
BEEF3 1,41 18,94
TIMS3 1,36 17,62
KLBN1 9,81 31,54
SUZB3 16,76 79,81
ASAI3 11,03 19,66
CCRO3 0,24 21,00
RCSL3 1,00 1.407,97
AMAR3 2,28 33,78
UGPA3 3,50 40,06
ALPA4 0,18 62,33
GOLL4 1,13 79,29
RENT3 0,90 73,93
CYRE3 2,83 32,39
AMER3 5,05 124,29
CMIG4 0,85 15,30
CSAN3 1,30 27,39
POMO4 0,25 6,08
ENEV3 2,12 205,80
STBP3 1,81 9,99
MRVE3 1,72 22,35
PETZ3 13,37 28,78
GMAT3 5,46 9,07
RRRP3 20,65 50,99
SANB1 7,35 48,21
TOTS3 1,41 41,24
CBAV3 9,80 20,92
DXCO3 1,18 20,62
JHSF3 0,84 10,62
CXSE3 7,67 13,41
MRFG3 3,47 28,06
RADL3 0,04 28,80
MLAS3 6,15 13,28
ITUB3 0,99 31,01
EZTC3 1,25 60,94
MILS3 1,65 35,99
PSSA3 1,46 31,04
ELET3 3,62 48,20
ENJU3 2,26 21,74
TECN3 0,88 26,90
SOMA3 8,60 20,30
RDOR3 37,66 77,30
BKBR3 5,06 24,07
SULA1 2,06 59,87
POSI3 1,22 40,54
TRAD3 4,16 14,15
MOVI3 4,80 23,49
BRKM5 1,57 70,55
CEAB3 4,67 19,47
VAMO3 7,18 18,69
LCAM3 2,36 30,70
HBSA3 2,60 7,73
CPFE3 4,45 39,61
SAPR1 12,58 37,24
RAPT4 0,24 16,79
CLSA3 7,23 30,50
QUAL3 10,33 44,75
ENBR3 2,82 22,04
DIRR3 3,01 18,73
SBSP3 2,27 97,20
WIZS3 5,85 21,86
MEAL3 1,94 29,81
MDIA3 13,19 105,58
BRSR6 1,98 25,34
LJQQ3 8,16 25,34
SBFG3 10,90 54,09
SEQL3 9,00 31,95
IGTI1 14,65 21,85
SIMH3 2,36 17,89
OPCT3 2,34 11,24
ENGI1 8,92 60,44
TRIS3 1,04 17,42
BRPR3 6,14 26,67
NGRD3 2,22 12,38
ENAT3 3,53 25,00
ANIM3 4,17 37,11
VIVT3 6,57 60,62
ELET6 3,70 48,29
GUAR3 0,40 30,85
JALL3 7,35 10,92
YDUQ3 3,07 56,56
TAEE1 1,48 41,63
EGIE3 3,78 52,29
PCAR3 17,41 100,00
FLRY3 6,47 33,38
MYPK3 0,33 36,85
RECV3 13,07 22,36
VIVA3 9,31 35,08
IFCM3 12,87 24,62
CSMG3 8,29 53,98
HBOR3 1,85 38,82
GRND3 0,61 12,99
AERI3 5,57 13,90
ARZZ3 13,58 101,84
LIGT3 4,20 29,99
ABCB4 1,27 22,90
ALSO3 7,70 55,03
CAML3 5,82 15,26
INTB3 16,26 33,90
TRPL4 0,34 25,66
MTRE3 5,82 21,13
SMTO3 8,02 46,57
BMGB4 2,80 11,49
TEND3 6,10 40,33
MEGA3 9,59 44,00
ONCO3 7,52 19,48
BOAS3 4,92 15,05
SLCE3 1,87 56,76
ODPV3 0,90 18,81
NEOE3 14,21 27,92
TUPY3 0,71 27,33
BMOB3 11,69 28,50
MODL1 8,35 19,70
TCSA3 2,58 100,82
CESP6 5,00 36,79
RCSL4 0,70 1.974,88
RANI3 1,86 9,84
AALR3 7,93 23,40
AESB3 8,60 19,52
SQIA3 1,51 31,30
CPLE3 0,27 7,65
AGRO3 4,95 36,48
ROMI3 0,77 38,75
ALUP1 8,75 30,71
AMBP3 20,67 71,10
TASA4 1,00 60,19
GETT1 3,12 11,30
PGMN3 7,83 13,75
WEST3 2,50 12,50
PLPL3 2,61 9,86
TTEN3 6,70 12,38
TGMA3 2,61 41,55
VLID3 5,28 42,05
PNVL3 0,21 34,46
LOGN3 2,08 40,00
PARD3 13,77 33,18
VULC3 0,96 11,35
ARML3 18,01 27,75
SEER3 5,67 34,16
LAVV3 4,54 9,46
DASA3 4,67 242,00
MOSI3 7,07 45,99
MATD3 10,66 21,79
DEXP3 0,97 35,99
SYNE3 4,05 25,38
FESA4 0,76 60,30
ORVR3 19,10 31,83
BLAU3 29,41 54,92
UNIP6 0,23 112,99
LOGG3 12,73 39,82
KEPL3 0,21 529,47
CMIG3 0,81 29,70
LEVE3 6,50 43,79
CARD3 1,26 28,98
ALLD3 13,27 39,60
